570
0,-40.8727721289456,-45.83611381954873,10
1,2.699536741113303,0
2,5.943788316134626,0
16,3.050482687833545,0
17,4.232632496066517,0
18,6.4498023435607745,0
32,5.6920096278804015,0
33,6.1770297275444115,0
34,7.9721670230028145,0
50,7.819501917588718,0
51,8.42202774814082,0
1,-38.18140140553126,-46.045928608752966,3
0,2.699536741113303,0
52,8.899501548551893,0
53,9.652068381014212,0
2,-34.930498854895795,-45.7019203639262,1
0,5.943788316134626,0
3,-17.11892611876363,-45.805019009112016,14
4,2.9504763043484776,0
5,5.166324777560427,0
6,8.165332586812244,0
19,2.8434338373486603,0
20,4.201455149193217,0
21,5.908090599487974,0
22,8.632180211220108,0
35,5.4023966657637645,0
36,6.23932216170188,0
37,7.151059794733296,0
38,9.513246116628256,0
59,8.104040559206362,0
60,8.603244899096321,0
61,9.638143430659202,0
4,-14.172056361136157,-45.9508581468716,6
3,2.9504763043484776,0
7,7.645230754709815,0
23,8.48254248032137,0
39,9.010554347635633,0
58,9.57868350548929,0
62,9.481655133502663,0
5,-11.953253154208872,-45.72295482384906,4
3,5.166324777560427,0
8,8.315777529231301,0
24,8.682684086725562,0
40,9.698369443551648,0
6,-8.964786261102661,-45.377632258074115,5
3,8.165332586812244,0
9,7.620278516305336,0
10,9.917324536153156,0
25,7.629300725940244,0
41,9.532443657649479,0
7,-6.545610419923517,-45.41525045599883,3
4,7.645230754709815,0
26,7.926680989774192,0
42,9.623168877860781,0
8,-3.643568817467967,-46.04123479398717,6
5,8.315777529231301,0
11,7.788380458814592,0
12,9.828577526076565,0
27,8.335106410404574,0
43,9.307899414218296,0
63,9.411381285196704,0
9,-1.345216632098638,-45.48157134997002,4
6,7.620278516305336,0
28,7.8170394913961,0
44,9.270795294487973,0
64,9.199787375735912,0
10,0.9476786910045544,-45.68805862395092,2
6,9.917324536153156,0
65,9.173176006985708,0
11,4.140012185381528,-45.76785421068719,2
8,7.788380458814592,0
66,9.054362244081018,0
12,6.164160276410849,-45.4014018414282,1
8,9.828577526076565,0
13,40.68511848060272,-45.77727081856866,8
14,2.258823291417507,0
15,4.771675054912051,0
29,2.6871323230283255,0
30,3.5315889316398836,0
31,5.6739731601783845,0
47,4.916484758687227,0
48,6.123519079392034,0
49,7.016518799610476,0
14,42.921814533883726,-45.46187673636771,1
13,2.258823291417507,0
15,45.45678439610829,-45.786610008699014,1
13,4.771675054912051,0
16,-40.44914491351623,-42.81518935655404,5
0,3.050482687833545,0
76,7.6304073599204605,0
77,7.784331076868503,0
78,9.58664713902212,0
81,9.993417367049178,0
17,-37.78595009594895,-42.94013253795095,4
0,4.232632496066517,0
54,9.1617185911947,0
75,9.679168285550718,0
82,9.902736591326637,0
18,-35.15284414267687,-42.85578261263534,1
0,6.4498023435607745,0
19,-17.04931458224629,-42.962437397027145,1
3,2.8434338373486603,0
20,-14.013204742925515,-42.97540417554466,2
3,4.201455149193217,0
58,7.457651555237057,0
21,-11.706151300906404,-43.43702337927465,2
3,5.908090599487974,0
58,9.574680213237835,0
22,-9.03518372996563,-42.77720722656501,1
3,8.632180211220108,0
23,-6.303725941463833,-42.781804133870914,1
4,8.48254248032137,0
24,-3.5737812287262396,-43.448432192630435,1
5,8.682684086725562,0
25,-1.6830924238137386,-43.10097584420292,1
6,7.629300725940244,0
26,1.0428415379210305,-43.12447146248313,1
7,7.926680989774192,0
27,4.052283772146071,-42.84000818662269,2
8,8.335106410404574,0
67,9.400380022650126,0
28,6.1478694064477954,-43.254517684476816,1
9,7.8170394913961,0
29,40.51604364274138,-43.095462879758394,1
13,2.6871323230283255,0
30,42.966466619545365,-43.08142752731001,1
13,3.5315889316398836,0
31,45.77867608769545,-43.27734235446165,1
13,5.6739731601783845,0
32,-40.48313377777323,-40.15745591832076,4
0,5.6920096278804015,0
79,8.80648003422212,0
80,7.748084254553674,0
83,9.28058989699305,0
33,-38.0685642243711,-40.33228657999176,2
0,6.1770297275444115,0
74,8.691840763672415,0
34,-35.0815766364487,-40.35729078806312,1
0,7.9721670230028145,0
35,-16.81460297879524,-40.41120058792511,2
3,5.4023966657637645,0
58,3.662855011192101,0
36,-14.193445473625832,-40.29405683972377,2
3,6.23932216170188,0
58,5.88472276262757,0
37,-11.930442998767047,-40.88391150151156,2
3,7.151059794733296,0
58,8.209602028516123,0
38,-9.034916928821065,-40.7899769262909,1
3,9.513246116628256,0
39,-6.715010098425567,-40.89293854613758,1
4,9.010554347635633,0
40,-3.7967743394109617,-40.47602970456546,1
5,9.698369443551648,0
41,-0.9306409120971318,-40.247331039109035,1
6,9.532443657649479,0
42,1.6860766030658754,-40.43080384605542,1
7,9.623168877860781,0
43,3.9168908133784623,-40.61201370109118,2
8,9.307899414218296,0
45,8.082913308648681,0
44,6.33893354948698,-40.29490754949692,2
9,9.270795294487973,0
68,8.222579082981559,0
45,11.987122783280336,-40.15941729467185,4
43,8.082913308648681,0
46,7.325757248451171,0
69,5.559662374209658,0
70,7.927170089761875,0
46,19.31274971311628,-40.20311338256627,4
45,7.325757248451171,0
71,3.606833877372204,0
72,6.235605947585993,0
73,8.703507571847291,0
47,40.230259436366595,-40.88187240451895,1
13,4.916484758687227,0
48,43.3207700588164,-40.24999059463049,1
13,6.123519079392034,0
49,45.60604056596512,-40.77566488696231,1
13,7.016518799610476,0
50,-40.45258137967951,-38.02790980240081,6
0,7.819501917588718,0
84,9.875131215685252,0
85,8.709745215753937,0
86,8.258633683385433,0
87,8.319606254300496,0
88,9.975327822478684,0
51,-37.63353824552266,-38.06193121049338,1
0,8.42202774814082,0
52,-35.002231749003705,-37.73364804878075,2
1,8.899501548551893,0
55,7.859412996187692,0
53,-32.580864509807114,-38.18485931053362,2
1,9.652068381014212,0
56,7.586762330623084,0
54,-30.127194720972504,-37.91215544467457,2
17,9.1617185911947,0
57,8.075534317985637,0
55,-27.14320398735835,-37.65583232844347,2
52,7.859412996187692,0
58,7.504483752344629,0
56,-24.994213010655425,-38.14385087504963,2
53,7.586762330623084,0
59,7.89757797069623,0
57,-22.05226197739166,-37.81358715560711,2
54,8.075534317985637,0
60,8.00486983106969,0
58,-19.65153685940144,-38.09423857052307,8
4,9.57868350548929,0
55,7.504483752344629,0
20,7.457651555237057,0
21,9.574680213237835,0
35,3.662855011192101,0
36,5.88472276262757,0
37,8.209602028516123,0
61,8.023051929953356,0
59,-17.109061957212276,-37.70098445318997,2
3,8.104040559206362,0
56,7.89757797069623,0
60,-14.047517947416008,-37.76870924412623,2
3,8.603244899096321,0
57,8.00486983106969,0
61,-11.631301949294764,-37.88164916007554,2
3,9.638143430659202,0
58,8.023051929953356,0
62,-9.189002922349205,-37.884200691836654,1
4,9.481655133502663,0
63,1.6413911678888038,-38.25385425567209,1
8,9.411381285196704,0
64,3.5850876865183916,-37.71444916188928,1
9,9.199787375735912,0
65,6.343401979009561,-38.269613486698866,1
10,9.173176006985708,0
66,9.113297727538198,-38.201619574937695,1
11,9.054362244081018,0
67,11.821818755050343,-37.54836659637243,1
27,9.400380022650126,0
68,14.30995721020299,-38.27659424968655,1
44,8.222579082981559,0
69,17.198431728063166,-38.22238224149675,1
45,5.559662374209658,0
70,19.641466111511754,-38.09760890261053,1
45,7.927170089761875,0
71,22.11577502425061,-37.93324560577836,1
46,3.606833877372204,0
72,25.22420095113035,-38.218793399763165,1
46,6.235605947585993,0
73,27.72379706472302,-37.96585467999466,1
46,8.703507571847291,0
74,-45.42116715438476,-35.69684420470631,4
33,8.691840763672415,0
89,8.58043004255395,0
90,8.453391227926188,0
91,9.878711869631875,0
75,-43.281073447778496,-34.972076435727,3
17,9.679168285550718,0
92,9.068893625428402,0
117,9.973996262491188,0
76,-40.184894906957645,-35.189359014069225,2
16,7.6304073599204605,0
93,9.354885370916875,0
77,-38.01070697477005,-35.42263697370385,2
16,7.784331076868503,0
94,9.816448891258743,0
78,-34.91847667513862,-34.98476713261732,1
16,9.58664713902212,0
79,-45.61456201691976,-33.00046389515611,3
32,8.80648003422212,0
116,8.466511861604024,0
118,9.643380350140987,0
80,-42.83580960426518,-32.775198399708785,2
32,7.748084254553674,0
119,9.533693878038715,0
81,-40.23692219719945,-32.82402565102308,2
16,9.993417367049178,0
120,9.478510113456865,0
82,-38.26653421450744,-33.04906429927274,2
17,9.902736591326637,0
95,9.812220424504016,0
83,-35.122885428195985,-32.58136943075847,2
32,9.28058989699305,0
121,8.385453427271216,0
84,-45.891202953795066,-29.785360930809812,2
50,9.875131215685252,0
140,9.063914254558528,0
85,-43.5100152013556,-29.872435558102097,2
50,8.709745215753937,0
141,9.303905358709429,0
86,-40.27430981565593,-29.771200435721553,2
50,8.258633683385433,0
142,9.167681768333185,0
87,-37.82703411088896,-30.133459234695522,3
50,8.319606254300496,0
122,9.354015465425631,0
143,9.299057980532098,0
88,-34.93442538324285,-29.717848456964937,3
50,9.975327822478684,0
123,8.701450647292383,0
144,9.326324103445103,0
89,-45.50256563039761,-27.116800265234602,1
74,8.58043004255395,0
90,-43.295456523080915,-27.51508537396941,2
74,8.453391227926188,0
156,9.178304828202094,0
91,-40.40387789262977,-27.187099398480697,3
74,9.878711869631875,0
155,7.799620287717993,0
157,9.321775753725374,0
92,-38.057811473127316,-27.55841567106431,1
75,9.068893625428402,0
93,-34.94926776204346,-27.43680532496572,2
76,9.354885370916875,0
96,7.167159991441813,0
94,-32.55483290339676,-27.261993190765427,1
77,9.816448891258743,0
95,-30.175931374837223,-27.497324450380862,1
82,9.812220424504016,0
96,-27.786904531027936,-27.17463116544376,1
93,7.167159991441813,0
97,-16.79307347621933,-27.07519599057339,12
98,2.3151320022319406,0
99,5.22959190820007,0
100,7.841215851356011,0
124,1.8784949934676989,0
125,3.435695500736406,0
126,5.797875321726506,0
127,7.8028732206349956,0
145,5.086916089117424,0
146,5.070431728951169,0
147,6.840058072539657,0
148,8.908107143080391,0
158,9.120122957662268,0
98,-14.478015609307443,-27.093723284165726,2
97,2.3151320022319406,0
159,8.842811253088685,0
99,-11.56414362217675,-27.158407214659427,2
97,5.22959190820007,0
160,8.72679007341394,0
100,-8.974986921763868,-27.67701710568941,1
97,7.841215851356011,0
101,1.6071409302706885,-27.42369729581684,4
128,2.532960258824085,0
149,5.523130646827673,0
162,7.998237353155537,0
163,7.959204369280502,0
102,11.853950573896935,-27.732273348558042,14
103,2.783545465026719,0
104,4.826728251937871,0
105,8.05458446674055,0
129,2.6032048816438067,0
130,3.6829895216477726,0
131,6.012065537331599,0
132,8.608929676072888,0
150,5.371046033201097,0
151,6.55003289703745,0
152,7.691942455474211,0
153,9.62453713143209,0
164,7.846892266307583,0
165,8.45498783782382,0
166,9.674383650093862,0
103,14.61775523560973,-27.401351684466015,4
102,2.783545465026719,0
106,7.489141866310514,0
133,8.276445909029698,0
167,8.824089804189686,0
104,16.679968746347456,-27.81506354865775,3
102,4.826728251937871,0
107,8.545241377560329,0
134,8.739165808621253,0
105,19.898117466547152,-27.32274931379536,4
102,8.05458446674055,0
108,7.506487303047933,0
109,9.977348118532419,0
135,7.649305799864987,0
106,22.106733403915776,-27.450868230795006,2
103,7.489141866310514,0
136,8.407914790673743,0
107,25.22512171606556,-27.776192931386625,4
104,8.545241377560329,0
110,7.110237685286014,0
111,9.912066684401234,0
137,8.030175236803066,0
108,27.404073364065237,-27.412067258987317,3
105,7.506487303047933,0
138,7.919160580891496,0
154,8.973196880548096,0
109,29.875178676070703,-27.247084924530277,2
105,9.977348118532419,0
112,8.044851307376256,0
110,32.32191371442037,-27.339130838145213,3
107,7.110237685286014,0
113,8.370416053458186,0
168,7.803920688877531,0
111,35.127920522675886,-27.347658508248934,2
107,9.912066684401234,0
114,8.03502227658154,0
112,37.913195006013794,-27.578635881943544,3
109,8.044851307376256,0
115,8.028399331294553,0
139,8.593048151827688,0
113,40.68821906410348,-27.07683386169621,1
110,8.370416053458186,0
114,43.16289811564145,-27.320861760256953,1
111,8.03502227658154,0
115,45.93516676587376,-27.257442938776936,1
112,8.028399331294553,0
116,-45.47694751060197,-24.53507049907979,1
79,8.466511861604024,0
117,-43.40062270916684,-24.9987966633407,3
75,9.973996262491188,0
169,8.44192623338198,0
170,9.508579122246552,0
118,-40.866479757984266,-24.606984316348086,2
79,9.643380350140987,0
171,9.574664034620225,0
119,-38.089357481592494,-24.50703589481516,2
80,9.533693878038715,0
183,9.960295444967281,0
120,-35.16515408973498,-24.81657148412269,1
81,9.478510113456865,0
121,-32.86538408092223,-24.5055093002218,1
83,8.385453427271216,0
122,-30.39250025746342,-24.45672498781629,1
87,9.354015465425631,0
123,-27.675660357315063,-24.91935143543491,1
88,8.701450647292383,0
124,-17.103743963053088,-25.222568858878056,1
97,1.8784949934676989,0
125,-14.419553624584273,-24.59116557858672,2
97,3.435695500736406,0
172,9.251359694367343,0
126,-11.37951478428204,-24.999445394948893,2
97,5.797875321726506,0
173,9.171600726108451,0
127,-9.440817399220581,-24.461929629190053,3
97,7.8028732206349956,0
174,9.672767464842874,0
185,9.884076434111682,0
128,1.4024127138559157,-24.899024241699575,4
101,2.532960258824085,0
174,9.66332047420805,0
175,8.50144196779692,0
176,7.544649881045485,0
129,11.818012159859236,-25.129316551718993,4
102,2.6032048816438067,0
177,8.461783056041527,0
178,8.484198124848447,0
179,9.288400584092098,0
130,14.09000726358884,-24.805763089383923,2
102,3.6829895216477726,0
180,9.607254100355922,0
131,17.221690164085075,-25.02445065918247,1
102,6.012065537331599,0
132,19.92755785560263,-24.743873169807337,1
102,8.608929676072888,0
133,22.540963487510073,-25.00921291714654,1
103,8.276445909029698,0
134,25.024099621008226,-25.217276225355928,1
104,8.739165808621253,0
135,27.25409633763758,-25.224785046244715,1
105,7.649305799864987,0
136,30.062533998522856,-24.730892490814973,1
106,8.407914790673743,0
137,32.7766515600681,-25.0452386386706,2
107,8.030175236803066,0
181,8.650088030283827,0
138,34.92530736591422,-24.933328992171628,1
108,7.919160580891496,0
139,46.1397534669325,-25.09585267982618,1
112,8.593048151827688,0
140,-40.85939065939673,-22.246434836999697,3
84,9.063914254558528,0
182,7.709889045077605,0
184,9.362053519978536,0
141,-37.85835087784593,-22.481810056956068,1
85,9.303905358709429,0
142,-35.377439895680425,-22.02090663533774,1
86,9.167681768333185,0
143,-32.4492644985794,-22.54715095449641,1
87,9.299057980532098,0
144,-29.85895083063098,-21.8935351102047,1
88,9.326324103445103,0
145,-17.290934468242593,-22.012701572764783,1
97,5.086916089117424,0
146,-14.703570513052489,-22.455319879153116,1
97,5.070431728951169,0
147,-12.11837606186939,-22.081840553596678,3
97,6.840058072539657,0
161,8.86698817516696,0
186,9.55490789906032,0
148,-9.413959488600291,-22.08490044518483,6
97,8.908107143080391,0
162,8.760570149833125,0
174,7.8698608033551,0
175,9.688154505485294,0
187,9.502385354453313,0
201,9.938210032062353,0
149,1.6418697649647984,-21.900675835604336,7
101,5.523130646827673,0
160,8.60749778111197,0
161,5.719957695197825,0
173,9.819539001653908,0
188,7.894263275041805,0
189,7.483388274788988,0
205,9.88474383216341,0
150,11.525300002085258,-22.371291694754973,4
102,5.371046033201097,0
190,7.697591797342229,0
191,8.238031543403208,0
192,9.770448600742382,0
151,14.719984532387185,-21.842555163359915,2
102,6.55003289703745,0
193,9.08118717192007,0
152,17.160628634308463,-22.16404681747352,1
102,7.691942455474211,0
153,19.626204692241178,-22.05567393392643,1
102,9.62453713143209,0
154,34.94380866414247,-22.546817639302084,3
108,8.973196880548096,0
194,8.524868058464628,0
195,8.508139778056467,0
155,-40.78923558943028,-19.397004657201954,3
91,7.799620287717993,0
199,7.272095283008789,0
200,8.477350358844266,0
156,-38.236511531891324,-19.85686396847873,1
90,9.178304828202094,0
157,-35.486031134495704,-19.268116732364266,1
91,9.321775753725374,0
158,-11.419663561302473,-19.706131691142183,5
97,9.120122957662268,0
160,4.694988547505517,0
161,7.818706181225031,0
173,5.284881701284095,0
202,9.324238047783542,0
159,-9.236487761253294,-19.97180664074559,3
98,8.842811253088685,0
188,9.857720723253307,0
203,9.757961666296342,0
160,-6.728432101056518,-19.893921061465857,6
99,8.72679007341394,0
149,8.60749778111197,0
158,4.694988547505517,0
163,8.314584455745763,0
176,8.735993810211719,0
204,9.581318416125804,0
161,-3.6014904742370852,-19.614830382208684,3
147,8.86698817516696,0
149,5.719957695197825,0
158,7.818706181225031,0
162,-0.9449599782930016,-19.843553384919048,2
101,7.998237353155537,0
148,8.760570149833125,0
163,1.5750588321049603,-19.46455758533612,2
101,7.959204369280502,0
160,8.314584455745763,0
164,11.642755149950727,-19.888223710014064,4
102,7.846892266307583,0
206,8.110493078668279,0
207,8.590949637526904,0
208,9.547594062409328,0
165,14.237842859802873,-19.62031446633071,2
102,8.45498783782382,0
209,9.343536156180553,0
166,16.701984661676008,-19.360280485867847,2
102,9.674383650093862,0
221,9.905379146598204,0
167,19.37450840961951,-19.969133972776437,1
103,8.824089804189686,0
168,34.94318347181486,-19.988612286555824,1
110,7.803920688877531,0
169,-40.24193289912704,-17.170080471408998,4
117,8.44192623338198,0
211,8.080016884359589,0
212,8.652284820819203,0
213,9.361410429204032,0
170,-37.943307287527446,-17.212219410608927,1
117,9.508579122246552,0
171,-35.12404386339151,-16.945481763170754,1
118,9.574664034620225,0
172,-9.280911317807751,-16.898181018770476,4
125,9.251359694367343,0
214,7.408525029771482,0
215,7.927512320162561,0
216,9.135042939814682,0
173,-6.873660103033088,-17.010982872622087,4
126,9.171600726108451,0
149,9.819539001653908,0
158,5.284881701284095,0
217,9.183237833248176,0
174,-3.6884977262076672,-16.68547485799827,5
127,9.672767464842874,0
128,9.66332047420805,0
148,7.8698608033551,0
218,8.850275846394242,0
228,9.881771687271486,0
175,-1.2747083016131247,-16.830099988718093,2
128,8.50144196779692,0
148,9.688154505485294,0
176,1.6313480512257692,-17.35784857481162,2
128,7.544649881045485,0
160,8.735993810211719,0
177,11.538669554037428,-16.672145618358112,4
129,8.461783056041527,0
219,7.199563550425881,0
220,8.112714620831442,0
231,9.885750038269444,0
178,14.721082771063605,-17.15725290119265,2
129,8.484198124848447,0
222,9.569732885340542,0
179,16.63102121820243,-17.185178510693472,1
129,9.288400584092098,0
180,19.741137140311103,-17.036331806128842,1
130,9.607254100355922,0
181,35.61350400665795,-16.873562486990533,4
137,8.650088030283827,0
196,5.811816300501908,0
197,8.35047902543049,0
210,8.908952217658335,0
182,-40.71670052437214,-14.537866317957116,4
140,7.709889045077605,0
223,7.914706345111641,0
224,8.780845719115312,0
225,9.454907377957749,0
183,-37.80388521582134,-14.550832254043671,1
119,9.960295444967281,0
184,-35.49666427817846,-14.572504170703052,1
140,9.362053519978536,0
185,-9.519989769068074,-14.578170289181077,4
127,9.884076434111682,0
226,8.092841042066425,0
227,8.41281232311242,0
215,5.909002024212102,0
186,-6.338947459741346,-14.472998986549195,2
147,9.55490789906032,0
229,9.080527871556395,0
187,-4.055418708501308,-14.237520746677498,2
148,9.502385354453313,0
230,9.181827624677815,0
188,-1.0504370272617347,-14.479700374642034,2
149,7.894263275041805,0
159,9.857720723253307,0
189,1.2143455884359295,-14.42950971847559,3
149,7.483388274788988,0
215,9.289111826751236,0
216,7.226708320099558,0
190,11.506298597835933,-14.673723349806881,3
150,7.697591797342229,0
232,8.391210534253998,0
233,9.912328001076087,0
191,14.406881151383255,-14.653671997586896,2
150,8.238031543403208,0
234,9.95427307296186,0
192,17.382268717065042,-14.550960286720091,1
150,9.770448600742382,0
193,19.413837681862915,-14.06851483270801,1
151,9.08118717192007,0
194,35.13448337996568,-14.024082247013043,1
154,8.524868058464628,0
195,37.90911132110906,-14.572143813023441,2
154,8.508139778056467,0
198,8.250270484960053,0
196,40.80516267125294,-14.26130503009325,1
181,5.811816300501908,0
197,43.54110436383313,-14.249890912446475,1
181,8.35047902543049,0
198,46.15330794623853,-14.255623543203578,1
195,8.250270484960053,0
199,-40.660732654663555,-12.12604483054117,4
155,7.272095283008789,0
235,8.016462799728634,0
236,8.404983739484598,0
237,9.811968106364365,0
200,-37.965361913644834,-11.403807138698923,1
155,8.477350358844266,0
201,-9.395685264846698,-12.146707214313787,4
148,9.938210032062353,0
238,8.116845041688167,0
239,8.641103456621668,0
240,9.929299290021921,0
202,-6.7076455382108655,-11.660120174757552,2
158,9.324238047783542,0
241,9.092773728659521,0
203,-3.8461045620382674,-11.837829455719236,2
159,9.757961666296342,0
242,9.843456153224091,0
204,-1.4870195187961626,-11.87336891502891,1
160,9.581318416125804,0
205,1.12352634281772,-12.029531994883067,2
149,9.88474383216341,0
227,9.491596660724264,0
206,11.639974219351249,-11.777731108109352,4
164,8.110493078668279,0
243,7.919216465082786,0
244,7.984979007231523,0
245,9.829689599738098,0
207,14.26899331130757,-11.708536136863321,2
164,8.590949637526904,0
246,9.642926738173987,0
208,16.840855508947737,-11.879709176197633,1
164,9.547594062409328,0
209,19.30357809689181,-11.769200251802383,1
165,9.343536156180553,0
210,43.127016625037754,-12.086438324200644,1
181,8.908952217658335,0
211,-40.15184569776925,-9.090565811004726,3
169,8.080016884359589,0
247,7.6571999044456875,0
248,8.417004078464531,0
212,-38.10789720072534,-8.78509840473017,2
169,8.652284820819203,0
261,9.864103376940001,0
213,-35.23208405133031,-9.26202004256554,1
169,9.361410429204032,0
214,-9.317338639917997,-9.48974554513946,3
172,7.408525029771482,0
227,3.861155797589477,0
249,8.524729935362947,0
215,-6.615911070074605,-9.432042440769699,3
172,7.927512320162561,0
189,9.289111826751236,0
185,5.909002024212102,0
216,-4.010468056449786,-9.436851556733268,2
172,9.135042939814682,0
189,7.226708320099558,0
217,-1.59281905780758,-9.49802240706244,2
173,9.183237833248176,0
250,9.009063494758461,0
218,1.1392632802071039,-9.267920933542422,1
174,8.850275846394242,0
219,11.82059041910798,-9.478103921060354,4
177,7.199563550425881,0
251,8.080179466425689,0
252,9.01848043754423,0
253,9.801749608497856,0
220,14.606067931310156,-9.161672549758713,2
177,8.112714620831442,0
254,9.193369741601586,0
221,16.92126965357507,-9.457328899083713,1
166,9.905379146598204,0
222,19.98213120458169,-9.163432983472141,1
178,9.569732885340542,0
223,-40.885005965482875,-6.624949674402541,3
182,7.914706345111641,0
260,8.14096200128721,0
262,9.747083217957266,0
224,-38.0875262716085,-6.159877639789161,2
182,8.780845719115312,0
263,9.508631421714194,0
225,-35.547747042061516,-6.620973403216592,1
182,9.454907377957749,0
226,-8.7719846485846,-6.5199717019107615,2
185,8.092841042066425,0
270,7.90009032216025,0
227,-6.698240788824844,-6.65269592631746,4
185,8.41281232311242,0
205,9.491596660724264,0
214,3.861155797589477,0
270,8.445291685513439,0
228,-4.006961398869815,-6.808836129738796,3
174,9.881771687271486,0
271,9.504510006419983,0
270,9.772483449260529,0
229,-1.6507159092715866,-6.696337019143615,2
186,9.080527871556395,0
271,8.291826326437901,0
230,1.1330923205855612,-6.66221139125573,1
187,9.181827624677815,0
231,11.858878796927632,-6.791582888436704,4
177,9.885750038269444,0
272,8.010964523779126,0
273,8.631750208361183,0
274,9.604599706724274,0
232,14.019395567704857,-6.667678268106996,2
190,8.391210534253998,0
275,9.832442806069556,0
233,17.00640782324198,-6.427327475879874,1
190,9.912328001076087,0
234,19.954548188089763,-6.388628569937311,1
191,9.95427307296186,0
235,-40.562958748678035,-4.110178309525406,4
199,8.016462799728634,0
281,7.928060529410432,0
282,8.674396197004434,0
283,9.668178565001114,0
236,-38.00555192010502,-4.151474815309648,2
199,8.404983739484598,0
284,9.611863554003332,0
237,-35.24349857546179,-3.9450734303071764,1
199,9.811968106364365,0
238,-8.92281055842181,-4.043648350970801,3
201,8.116845041688167,0
293,8.21047099207825,0
270,5.419619214853146,0
239,-6.7177481077338985,-3.9310318598104494,3
201,8.641103456621668,0
292,9.194767274296332,0
270,5.918336545762299,0
240,-4.045870167164761,-3.7818723198616437,1
201,9.929299290021921,0
241,-1.5619358523633273,-4.1634405157634715,2
202,9.092773728659521,0
270,9.56689920300687,0
242,1.4383261603187534,-3.533106643905798,3
203,9.843456153224091,0
294,7.8264907445534035,0
271,4.5554237312441614,0
243,11.921373643709952,-3.8635158100012132,4
206,7.919216465082786,0
295,8.09469140034075,0
296,7.936055514250694,0
297,9.209599560476647,0
244,14.399329928873122,-4.284677937721653,2
206,7.984979007231523,0
298,9.49165219800261,0
245,17.27804537913816,-3.725715756386629,1
206,9.829689599738098,0
246,19.663423273774278,-3.715654212436297,1
207,9.642926738173987,0
247,-40.643510213552126,-1.4491669612807423,5
211,7.6571999044456875,0
305,8.419795588907249,0
306,8.081845101279782,0
307,8.230071045852347,0
308,9.20238364395158,0
248,-38.11359649652108,-0.924079550041582,3
211,8.417004078464531,0
285,9.677184784015134,0
309,9.075430817899031,0
249,-9.309868197851335,-0.9650188830482643,8
214,8.524729935362947,0
290,9.216020182848697,0
291,7.176835920928695,0
316,9.229068403588789,0
317,7.9438583735809845,0
318,7.8252633377485,0
348,9.958660058442355,0
270,2.322984840025225,0
250,1.3927596740567716,-0.9980491901382355,4
217,9.009063494758461,0
319,7.582861543477783,0
351,9.935771057991431,0
271,2.020030381519039,0
251,12.148797105484599,-1.4045928768699143,4
219,8.080179466425689,0
320,7.747942906580229,0
321,8.546088758366558,0
322,9.660869089874154,0
252,14.71366082136886,-0.9362579232721693,2
219,9.01848043754423,0
323,8.857935186816523,0
253,17.346344974529675,-1.3824055582923673,2
219,9.801749608497856,0
324,8.9372413540529,0
254,19.34500707905767,-1.2838236707980553,1
220,9.193369741601586,0
255,35.66102275871583,-1.5670380654773866,15
256,2.1987078309142047,0
257,5.131229072001695,0
258,7.8642461489265525,0
276,3.026353319803483,0
277,4.007176399697662,0
278,5.301843882203124,0
279,7.930217908772865,0
299,5.195050071486739,0
300,5.719322481000534,0
301,7.541534156836397,0
302,9.131835517187788,0
328,8.907895342853266,0
329,8.12634694905923,0
330,8.855498736534003,0
331,9.897874809267634,0
256,37.85745401224361,-1.6670674324145314,4
255,2.1987078309142047,0
259,8.316859834158329,0
280,8.53407981727571,0
303,9.440745044324185,0
257,40.792018713050396,-1.6159492703050502,3
255,5.131229072001695,0
332,8.910777530619066,0
333,9.876753081554586,0
258,43.51329694829173,-1.1332667632612923,1
255,7.8642461489265525,0
259,46.15824298222517,-1.1502889722707472,1
256,8.316859834158329,0
260,-40.868069245127515,1.5159947090155084,6
223,8.14096200128721,0
334,9.3709864516978,0
335,8.328726225334897,0
336,7.987436060094766,0
337,8.349475702864554,0
338,9.626527287710115,0
261,-37.59406573741128,1.0656128720390194,3
212,9.864103376940001,0
310,9.707967879496223,0
339,9.005281064089022,0
262,-35.20210854423123,1.2940343612749885,5
223,9.747083217957266,0
264,4.8473791798882715,0
286,8.495036346153997,0
311,9.194306426940084,0
340,9.322645067699389,0
263,-32.688543509563026,1.6673221563797274,5
224,9.508631421714194,0
265,7.989087333438738,0
287,8.031363633920574,0
312,9.428651320721873,0
341,9.42285864233121,0
264,-30.355036213033408,1.3485754444215892,5
262,4.8473791798882715,0
266,7.926589312121466,0
288,8.267143572982127,0
313,9.840470759791533,0
342,9.821474390477043,0
265,-24.70995235569823,1.2579328297214234,9
263,7.989087333438738,0
267,4.887369824487623,0
268,8.071637824087796,0
289,5.888112550560639,0
290,8.098877653053416,0
314,7.10737668690521,0
315,9.59096673494489,0
343,7.953978542137642,0
344,9.204977726316065,0
266,-22.428790185648925,1.4223456037678064,5
264,7.926589312121466,0
269,8.089667144396607,0
291,7.989508823928978,0
316,9.609328323486016,0
345,9.589758857808874,0
267,-19.832067412040008,1.5622719132197218,3
265,4.887369824487623,0
292,8.187559637875273,0
346,9.509245211996532,0
268,-16.638331655518805,1.2413064747469802,4
265,8.071637824087796,0
270,7.263878710221562,0
293,8.010787511479958,0
347,9.417967671990477,0
269,-14.342663484654588,1.661656035208625,1
266,8.089667144396607,0
270,-9.37537501437449,1.3570421462909779,9
226,7.90009032216025,0
268,7.263878710221562,0
227,8.445291685513439,0
228,9.772483449260529,0
238,5.419619214853146,0
239,5.918336545762299,0
241,9.56689920300687,0
249,2.322984840025225,0
349,8.200355257693928,0
271,1.3795667301548211,1.021938108953309,4
228,9.504510006419983,0
229,8.291826326437901,0
242,4.5554237312441614,0
250,2.020030381519039,0
272,11.615673993571301,1.215689058042455,4
231,8.010964523779126,0
352,7.967254531973516,0
353,8.4426847205803,0
354,9.410162345129956,0
273,14.24201488471851,1.5046677132876756,2
231,8.631750208361183,0
355,9.195389629385973,0
274,16.61513183921092,1.5526601883305937,2
231,9.604599706724274,0
356,9.220760311512393,0
275,19.395787193924235,1.564657039455928,2
232,9.832442806069556,0
357,9.408391461496342,0
276,35.12513949649728,1.4114923684043235,6
255,3.026353319803483,0
359,9.40073945188031,0
360,8.052254331690577,0
361,8.033211112548774,0
362,8.668103947745987,0
363,9.606128026625854,0
277,38.24699625863183,1.494040789440615,2
255,4.007176399697662,0
364,9.098192492241576,0
278,40.23102699771462,1.1208253623752578,2
255,5.301843882203124,0
365,9.531161106700102,0
279,43.08987647291874,1.2079373530796012,1
255,7.930217908772865,0
280,45.82361062537201,1.3941197789045014,1
256,8.53407981727571,0
281,-40.84391850464202,3.812902238690944,7
235,7.928060529410432,0
304,5.9619724440902795,0
366,9.289965619353758,0
367,7.947105940497704,0
368,8.327757854257557,0
369,8.742019358981823,0
370,9.285618547138608,0
282,-37.77251932569595,4.103139972951684,2
235,8.674396197004434,0
371,9.184926249852222,0
283,-35.49148753644613,4.121094769910729,2
235,9.668178565001114,0
372,9.690456895800134,0
284,-32.95613134272945,4.027233689922318,2
236,9.611863554003332,0
373,9.17859743997121,0
285,-29.863512393035563,4.133985062968967,2
248,9.677184784015134,0
374,8.893837005379023,0
286,-27.087639437577185,3.808200950750423,1
262,8.495036346153997,0
287,-25.057056805026296,4.169963261041159,1
263,8.031363633920574,0
288,-22.588631788722008,4.182058314377925,1
264,8.267143572982127,0
289,-19.529635587857488,4.056894707435685,1
265,5.888112550560639,0
290,-17.0838988056167,3.9846756651235546,2
249,9.216020182848697,0
265,8.098877653053416,0
291,-14.768988687867699,3.693841204077762,2
249,7.176835920928695,0
266,7.989508823928978,0
292,-11.916018332631156,3.653276407752086,2
239,9.194767274296332,0
267,8.187559637875273,0
293,-9.179276888932089,4.162816109018834,2
238,8.21047099207825,0
268,8.010787511479958,0
294,1.549345787563699,4.292596648255647,1
242,7.8264907445534035,0
295,11.448754037051733,4.217366541212219,1
243,8.09469140034075,0
296,14.043042495653115,3.783673111946709,1
243,7.936055514250694,0
297,16.949255382442924,3.8525148590440548,2
243,9.209599560476647,0
325,8.379049456703626,0
298,19.555385697611488,3.68442178291854,3
244,9.49165219800261,0
326,8.294657649538514,0
358,9.542835645645226,0
299,34.966458571859086,3.58137196438527,5
255,5.195050071486739,0
326,8.147579051773265,0
327,6.11569875571405,0
358,9.087526664881606,0
359,7.517769463116829,0
300,37.83586749352445,3.7226405657017647,2
255,5.719322481000534,0
327,8.65193618452082,0
301,40.74660591788068,4.001766237956965,3
255,7.541534156836397,0
375,8.60089653653065,0
376,9.486887699368367,0
302,42.81904234252301,4.103338954686726,1
255,9.131835517187788,0
303,45.40401689823026,4.005414881333168,1
256,9.440745044324185,0
304,-46.00014588646396,6.805966656815195,3
281,5.9619724440902795,0
377,7.374434966932658,0
378,8.07524915485824,0
305,-42.861293766624634,6.673295342153055,1
247,8.419795588907249,0
306,-40.538952308986296,6.63200175900179,1
247,8.081845101279782,0
307,-38.21354322001923,6.413995877559482,1
247,8.230071045852347,0
308,-35.4868722817604,6.172706166164656,2
247,9.20238364395158,0
379,9.918048175290817,0
309,-32.844144524978944,6.464852744280929,2
248,9.075430817899031,0
380,9.239483300022911,0
310,-29.715561488934085,6.737809197630829,3
261,9.707967879496223,0
381,8.83649498260972,0
386,9.91335064126733,0
311,-27.45447076599227,6.244729214492685,1
262,9.194306426940084,0
312,-24.57110693489482,6.46385102463323,1
263,9.428651320721873,0
313,-22.226765555178808,6.895293472857151,1
264,9.840470759791533,0
314,-19.78368969067062,6.381090013013649,1
265,7.10737668690521,0
315,-16.940307445836595,6.881033476649292,1
265,9.59096673494489,0
316,-14.414301506737454,6.7239644173143285,2
249,9.229068403588789,0
266,9.609328323486016,0
317,-11.807506730840204,6.575981555755723,2
249,7.9438583735809845,0
350,8.61683998933065,0
318,-8.831581414688834,6.845614129593083,1
249,7.8252633377485,0
319,1.2652457962237322,6.583740136828997,1
250,7.582861543477783,0
320,11.850881642669606,6.33762035066668,1
251,7.747942906580229,0
321,14.27228178968358,6.873477300523582,1
251,8.546088758366558,0
322,17.20425300976966,6.827949693412683,1
251,9.660869089874154,0
323,19.778360281136095,6.3309172608056,4
252,8.857935186816523,0
326,7.582000606577589,0
327,9.952804060534252,0
358,8.193685126655547,0
324,21.939866094000767,6.284004732421687,2
253,8.9372413540529,0
359,8.97339844209836,0
325,24.89390619529623,6.515406756908981,3
297,8.379049456703626,0
328,7.981507188948538,0
360,8.292188884327665,0
326,27.35853540670642,6.497285117760721,5
298,8.294657649538514,0
299,8.147579051773265,0
323,7.582000606577589,0
329,7.621874817391639,0
361,8.46132640073558,0
327,29.723185481543663,6.729364748845953,5
299,6.11569875571405,0
323,9.952804060534252,0
300,8.65193618452082,0
330,8.456226604762708,0
362,8.869347939553998,0
328,32.86656230070671,6.891188119004225,2
255,8.907895342853266,0
325,7.981507188948538,0
329,34.98033675503365,6.530750601861089,2
255,8.12634694905923,0
326,7.621874817391639,0
330,38.177183949147505,6.9234737410346785,3
255,8.855498736534003,0
327,8.456226604762708,0
382,9.276682017108898,0
331,40.896793431780324,6.832642356956112,2
255,9.897874809267634,0
383,8.65662766859857,0
332,43.409830753277596,6.901621763870546,1
257,8.910777530619066,0
333,45.90060097975139,6.837016993578071,1
257,9.876753081554586,0
334,-45.82414879278746,9.46914896347144,4
260,9.3709864516978,0
384,7.486133070708372,0
385,8.257480417424105,0
391,9.778332709450796,0
335,-43.32564327541827,9.473884531212203,1
260,8.328726225334897,0
336,-40.59093677447251,9.498621620490882,1
260,7.987436060094766,0
337,-37.79637579814475,9.27991407235827,1
260,8.349475702864554,0
338,-35.33834874979819,9.395856310881515,1
260,9.626527287710115,0
339,-33.06479207728404,8.848977642812514,2
261,9.005281064089022,0
387,9.954663894660715,0
340,-30.1366344032857,9.120443677539498,2
262,9.322645067699389,0
388,9.238220299619675,0
341,-27.347410612769085,9.430218804676777,1
263,9.42285864233121,0
342,-24.577890239953003,9.291241470921587,1
264,9.821474390477043,0
343,-22.138568726876503,8.784802091387501,1
265,7.953978542137642,0
344,-19.506394175194167,8.85099526882227,1
265,9.204977726316065,0
345,-17.07742021350763,9.380128861194981,1
266,9.589758857808874,0
346,-14.494054344063045,9.431919998616307,1
267,9.509245211996532,0
347,-12.00225261011088,9.439165107059889,1
268,9.417967671990477,0
348,-9.011325173829226,8.989165273497305,1
249,9.958660058442355,0
349,-6.8425880976541364,9.156453456568098,1
270,8.200355257693928,0
350,-3.632659558840579,9.300280569479728,1
317,8.61683998933065,0
351,1.321604430527382,8.937467074663429,1
250,9.935771057991431,0
352,11.586158245354314,9.182888917331773,1
272,7.967254531973516,0
353,14.141172979783502,9.271791103185702,1
272,8.4426847205803,0
354,16.799887174861897,9.069037964886881,1
272,9.410162345129956,0
355,19.431828220116703,9.095519311095538,1
273,9.195389629385973,0
356,22.112802105496286,8.955230172164852,1
274,9.220760311512393,0
357,25.0541142058278,9.081382744117482,1
275,9.408391461496342,0
358,27.57110237320444,8.862645255927236,3
298,9.542835645645226,0
299,9.087526664881606,0
323,8.193685126655547,0
359,30.320388718313588,9.491608221638241,3
276,9.40073945188031,0
324,8.97339844209836,0
299,7.517769463116829,0
360,32.769259987966244,9.111403508379459,2
276,8.052254331690577,0
325,8.292188884327665,0
361,35.29054687711618,9.44300039474744,2
276,8.033211112548774,0
326,8.46132640073558,0
362,38.13538060163616,9.540113071688605,2
276,8.668103947745987,0
327,8.869347939553998,0
363,40.253886786559534,9.533908689832685,2
276,9.606128026625854,0
390,9.472283626900955,0
364,42.81506389723956,9.362322982841269,2
277,9.098192492241576,0
389,7.706605021789074,0
365,45.62658920475824,8.977729365339487,1
278,9.531161106700102,0
366,-46.023315250006,11.525055670961846,2
281,9.289965619353758,0
392,8.695733087118949,0
367,-42.807370079336295,11.513639264672578,1
281,7.947105940497704,0
368,-40.34599872214518,12.12576135991673,1
281,8.327757854257557,0
369,-37.668599887353004,11.957854918204234,1
281,8.742019358981823,0
370,-35.687371803824334,11.535125877336146,1
281,9.285618547138608,0
371,-32.83706249992501,11.849373647207543,2
282,9.184926249852222,0
394,9.471682941261138,0
372,-29.845851868060805,11.997118687422391,4
283,9.690456895800134,0
393,7.384603060649497,0
395,9.212487957487701,0
407,9.974165078899562,0
373,-27.494449590108974,11.404000149431429,1
284,9.17859743997121,0
374,-25.2281230079907,11.724340912813076,1
285,8.893837005379023,0
375,43.52155115301789,12.142718281427939,4
301,8.60089653653065,0
403,7.448809070619788,0
404,7.7424483427246065,0
432,9.85866586997504,0
376,45.656319841031305,12.1193858036454,3
301,9.486887699368367,0
402,9.315857910515156,0
403,7.84831882704276,0
377,-45.94881573546941,14.18022297844641,3
304,7.374434966932658,0
405,7.738028710906305,0
406,8.54332286720281,0
378,-42.9249255463255,14.272737630444785,1
304,8.07524915485824,0
379,-30.03077192479049,14.455136274657113,3
308,9.918048175290817,0
408,8.306341787777027,0
409,9.203237997303447,0
380,-27.5054911446798,14.005862738732787,3
309,9.239483300022911,0
396,9.629937368909605,0
410,9.73240847074637,0
381,-25.06569816690523,14.251956831536988,1
310,8.83649498260972,0
382,43.16666637615396,14.744080773557497,3
330,9.276682017108898,0
433,8.25916691891323,0
403,4.842627722535253,0
383,45.60830081380946,14.094797738234545,3
331,8.65662766859857,0
431,9.696797401336704,0
402,7.693458996349659,0
384,-45.571816255404585,16.9510281821525,3
334,7.486133070708372,0
434,7.848649108224466,0
435,8.5967893995183,0
385,-43.09263678629361,17.261762453342634,1
334,8.257480417424105,0
386,-30.295333284382064,16.6341916478961,1
310,9.91335064126733,0
387,-27.391553768166577,17.02881262547712,2
339,9.954663894660715,0
411,9.561117763690882,0
388,-24.79592780152606,16.658451855979344,1
340,9.238220299619675,0
389,43.03818646698113,17.065697391549215,7
364,7.706605021789074,0
429,9.233627567549565,0
441,9.715467225727568,0
442,8.508813250260397,0
443,8.107713818198345,0
444,8.293240175746773,0
402,3.765664473583338,0
390,45.67054439627017,17.304621491604465,4
363,9.472283626900955,0
430,9.194145117185807,0
454,9.780976568505888,0
402,5.691537942644266,0
391,-45.81901014342929,19.247480322706416,3
334,9.778332709450796,0
445,7.93725409468732,0
446,8.891609913372564,0
392,-43.12144046690726,19.722305006295674,1
366,8.695733087118949,0
393,-30.066697586505004,19.378418676719587,1
372,7.384603060649497,0
394,-27.7745782129628,19.854623835929814,1
371,9.471682941261138,0
395,-24.97135181840449,19.814355004226208,2
372,9.212487957487701,0
412,8.490276421536507,0
396,-19.89645417998069,19.90825633785545,3
380,9.629937368909605,0
413,6.193599450594719,0
414,8.266769588259312,0
397,-4.036328545237699,19.778994208683915,13
414,8.143629703676895,0
415,5.858316473878234,0
416,3.278199051239088,0
417,2.6222372183864477,0
418,3.8468199678217947,0
419,5.675043398324758,0
436,5.243392881762197,0
437,5.528078950774565,0
438,7.505921736265699,0
447,7.352622965993972,0
448,8.140728306369573,0
449,9.33930229242232,0
457,9.995446972846908,0
398,14.568944869581726,19.89917119965237,7
399,5.1932401813625555,0
420,3.679816681048793,0
421,2.660516057307124,0
422,3.0529289055968882,0
423,5.501053325661557,0
424,7.965633228356562,0
439,5.264616333690178,0
399,19.762050872271118,19.936502502201268,3
398,5.1932401813625555,0
425,5.20644977865543,0
426,7.724902519094162,0
400,35.248924888850894,19.95116290262841,14
401,2.7518716250362973,0
402,5.393136978383307,0
403,7.9984404083904685,0
426,8.373497262673164,0
427,5.361319526443585,0
428,3.3790414745399673,0
429,2.5406866817299716,0
430,3.5709776008790386,0
431,5.832094777523176,0
440,4.864059008495098,0
451,7.656160814808572,0
452,9.111574278433624,0
461,9.994688395240182,0
432,8.008690000032383,0
401,37.99463794349857,19.767159472722188,3
400,2.7518716250362973,0
433,8.50471532167321,0
453,9.127919541974183,0
402,40.6420267241774,19.970632401936612,5
376,9.315857910515156,0
400,5.393136978383307,0
383,7.693458996349659,0
389,3.765664473583338,0
390,5.691537942644266,0
403,43.23903299253029,19.58616775459173,4
375,7.448809070619788,0
400,7.9984404083904685,0
376,7.84831882704276,0
382,4.842627722535253,0
404,45.50873021644537,19.625807597321106,1
375,7.7424483427246065,0
405,-45.44195663395155,21.901633612651718,3
377,7.738028710906305,0
455,7.842997450576926,0
456,8.934374563632847,0
406,-42.956687451628966,22.18244354190956,1
377,8.54332286720281,0
407,-30.376934584371767,21.957134760179265,1
372,9.974165078899562,0
408,-27.518754374849028,22.372527367950216,1
379,8.306341787777027,0
409,-24.70790467445423,21.962910503435417,1
379,9.203237997303447,0
410,-21.95056070307922,21.997265771394503,1
380,9.73240847074637,0
411,-19.264033725685664,22.064524178995292,2
387,9.561117763690882,0
414,7.379412120286151,0
412,-16.94942883385628,22.59528027184415,2
395,8.490276421536507,0
415,7.682586451745959,0
413,-14.199220059891331,22.337700211522183,1
396,6.193599450594719,0
414,-11.885526380644775,21.948970727277953,3
396,8.266769588259312,0
397,8.143629703676895,0
411,7.379412120286151,0
415,-9.269000478773139,22.413195481195867,2
397,5.858316473878234,0
412,7.682586451745959,0
416,-6.389975048499502,22.060865624261126,2
397,3.278199051239088,0
458,9.404835682027423,0
417,-3.554001582970633,22.356490810226063,2
397,2.6222372183864477,0
459,8.776512050645334,0
418,-0.9518192186488386,22.077651660114817,1
397,3.8468199678217947,0
419,1.2013624752429697,21.963647578636593,1
397,5.675043398324758,0
420,12.045975767475651,22.577916748588105,3
398,3.679816681048793,0
450,4.794391818157328,0
460,7.288561804240289,0
421,14.360440966504806,22.551504476899165,1
398,2.660516057307124,0
422,16.728866148519874,22.056742744565586,1
398,3.0529289055968882,0
423,19.36442864477457,22.594523320180272,2
398,5.501053325661557,0
426,7.815163728413759,0
424,22.243810116511366,22.031718073737395,2
398,7.965633228356562,0
427,8.172223670894116,0
425,24.535550385301153,22.015161131405012,1
399,5.20644977865543,0
426,27.166307026743873,22.139025993213263,3
399,7.724902519094162,0
400,8.373497262673164,0
423,7.815163728413759,0
427,30.412698455012027,22.265176935702424,2
400,5.361319526443585,0
424,8.172223670894116,0
428,32.7871879567155,22.265849180209425,2
400,3.3790414745399673,0
462,9.550966553998077,0
429,35.55382435969009,22.47348824393592,3
389,9.233627567549565,0
400,2.5406866817299716,0
463,9.036514098212376,0
430,37.946233125722536,22.291335823863978,3
390,9.194145117185807,0
400,3.5709776008790386,0
464,9.191894701392101,0
431,40.5553173915058,22.370982751662815,3
383,9.696797401336704,0
400,5.832094777523176,0
465,9.295605950234393,0
432,42.99446086491503,21.987283714396444,2
375,9.85866586997504,0
400,8.008690000032383,0
433,46.05441817306139,22.48195695206595,3
382,8.25916691891323,0
401,8.50471532167321,0
476,9.911039645667385,0
434,-45.94716692700268,24.79069684207452,3
384,7.848649108224466,0
466,8.172330452907111,0
467,8.034385116240784,0
435,-43.2138117475507,25.218107637474734,1
384,8.5967893995183,0
436,-3.648750123296736,25.008043059035213,4
397,5.243392881762197,0
468,8.083453506003291,0
469,7.77967197224891,0
470,9.084794883882768,0
437,-1.4259243045336176,24.651924188286635,1
397,5.528078950774565,0
438,1.3333568429139186,25.02354756842933,1
397,7.505921736265699,0
439,12.151589025127544,24.575983774712505,2
398,5.264616333690178,0
471,8.22178853712631,0
440,35.215081206435116,24.815104169058635,4
400,4.864059008495098,0
472,8.144888090079315,0
473,8.207426215396927,0
474,9.565037033745485,0
441,37.72954161590145,25.20256369617114,2
389,9.715467225727568,0
475,9.132890676430986,0
442,40.21208987328985,25.09147342698239,1
389,8.508813250260397,0
443,43.354587841516725,25.16723511768469,1
389,8.107713818198345,0
444,46.14797184393731,24.753809482426263,1
389,8.293240175746773,0
445,-45.56778311981919,27.180757548811567,1
391,7.93725409468732,0
446,-43.07849885492258,27.70622282553463,1
391,8.891609913372564,0
447,-4.087056515855163,27.131442178786052,3
397,7.352622965993972,0
487,8.30758271049972,0
488,8.532182695001163,0
448,-1.31418564916664,27.451112261183933,4
397,8.140728306369573,0
486,9.44791714582877,0
489,8.510084374894841,0
487,8.352286205912284,0
449,1.0974863857753077,27.580693482774958,2
397,9.33930229242232,0
487,9.24052683817572,0
450,11.978817521107649,27.371838178478118,2
420,4.794391818157328,0
490,8.116510414609007,0
451,37.60332893244672,27.23632453581884,4
400,7.656160814808572,0
494,8.40291036535981,0
495,8.574965986056279,0
496,9.979333731340757,0
452,40.23624604287699,27.57660803966907,2
400,9.111574278433624,0
497,9.703124872664532,0
453,43.35934498445805,27.152200672975166,1
401,9.127919541974183,0
454,45.713115819472215,27.085505414215334,1
390,9.780976568505888,0
455,-45.7927203244948,29.736783505484187,1
405,7.842997450576926,0
456,-42.848285203018655,30.451248653789662,1
405,8.934374563632847,0
457,-4.184703698232423,29.77333986014946,4
397,9.995446972846908,0
504,8.767277555237877,0
505,9.642605838540232,0
487,5.674682147166293,0
458,-1.6313398392282348,30.1729754084677,2
416,9.404835682027423,0
486,7.157052563512031,0
459,0.9300015630164469,29.90108354687532,2
417,8.776512050645334,0
486,9.313981013681559,0
460,12.115993715313214,29.866142229541,2
420,7.288561804240289,0
506,8.185800005840127,0
461,35.43356794253761,29.944145593530763,3
400,9.994688395240182,0
510,8.125207764885243,0
511,9.028248036778235,0
462,38.31490004461537,30.054646339519426,2
428,9.550966553998077,0
512,9.240257487558361,0
463,40.551232446191285,30.00239915217248,2
429,9.036514098212376,0
513,9.928892400396727,0
464,43.35397946730485,29.724182365168545,1
430,9.191894701392101,0
465,45.7732619151223,30.06392399220883,1
431,9.295605950234393,0
466,-45.825998820595835,32.962128988369486,1
434,8.172330452907111,0
467,-43.27500136126062,32.36769330408596,1
434,8.034385116240784,0
468,-4.060554673828554,33.08100023691484,6
436,8.083453506003291,0
484,8.09714306945995,0
485,5.616733697097122,0
520,7.9669394084052705,0
521,9.21735349135425,0
486,3.4069636190428834,0
469,-1.2879390004568825,32.42086079846945,2
436,7.77967197224891,0
485,8.44999611545052,0
470,1.6979982544012224,32.3528221481438,2
436,9.084794883882768,0
486,8.90031525511426,0
471,11.730011914096407,32.78695688931203,7
439,8.22178853712631,0
491,3.655663380693212,0
507,5.532623481913763,0
508,6.939659707351091,0
522,8.099985184466501,0
523,8.211287017674954,0
524,9.027341860054278,0
472,35.23300371823065,32.95997254021644,4
440,8.144888090079315,0
525,7.738985434517599,0
526,8.182813565099316,0
527,9.334204456333884,0
473,37.74514213641943,32.62283346583575,2
440,8.207426215396927,0
528,9.780464369766428,0
474,40.85260757304827,32.542214231861166,2
440,9.565037033745485,0
529,9.224588806499606,0
475,42.872645164305176,32.749627893462495,1
441,9.132890676430986,0
476,45.501787796183166,32.37757752505389,1
433,9.911039645667385,0
477,-30.114536182183276,35.17661437343032,14
478,2.741644867100914,0
479,5.54882404800585,0
480,7.55356434225482,0
498,2.9297081863647265,0
499,3.589574052004134,0
500,6.1369926562011035,0
501,8.336206243270752,0
514,5.691625286291621,0
515,6.174130619404105,0
516,7.731346390212617,0
517,9.577832959297112,0
532,8.295301073491572,0
533,8.308030927766623,0
534,9.433332828815828,0
478,-27.372970445204363,35.1557844160598,6
477,2.741644867100914,0
481,7.506909204097867,0
502,8.171460262340133,0
518,9.57527748205998,0
531,9.715367314028821,0
535,9.868400332483665,0
479,-24.573638705505733,35.47309956475775,5
477,5.54882404800585,0
482,7.807961013244999,0
503,7.688777348738227,0
519,9.314925248685963,0
536,8.679427439639987,0
480,-22.560993147119717,35.19455566731598,3
477,7.55356434225482,0
483,8.12353227028304,0
537,9.271958698427465,0
481,-19.866101714273924,35.18043507828409,2
478,7.506909204097867,0
484,8.062451664474803,0
482,-16.767842096345397,35.656932316939915,2
479,7.807961013244999,0
485,7.48610044503085,0
483,-14.440297104524577,35.40920032741621,2
480,8.12353227028304,0
486,7.704249045894311,0
484,-11.807697986129252,35.435888001963924,3
468,8.09714306945995,0
481,8.062451664474803,0
487,8.034154498565577,0
485,-9.302636792665979,35.0979961425803,5
468,5.616733697097122,0
482,7.48610044503085,0
469,8.44999611545052,0
488,8.0220806491892,0
504,8.311884561430936,0
486,-6.739276215849131,35.18619666523137,7
448,9.44791714582877,0
483,7.704249045894311,0
458,7.157052563512031,0
459,9.313981013681559,0
468,3.4069636190428834,0
470,8.90031525511426,0
505,8.548530455366024,0
487,-3.7735439688492876,35.4331070946125,7
447,8.30758271049972,0
484,8.034154498565577,0
448,8.352286205912284,0
449,9.24052683817572,0
457,5.674682147166293,0
538,7.758190585658143,0
539,9.252603079836796,0
488,-1.2810725936274792,35.18902219818872,2
447,8.532182695001163,0
485,8.0220806491892,0
489,1.5569255263167519,35.46224555715671,1
448,8.510084374894841,0
490,11.378119541202944,35.46608942534431,5
450,8.116510414609007,0
492,5.739866254534729,0
540,7.321822300338828,0
541,8.088099778206972,0
542,9.800796148169082,0
491,14.321461363520546,35.36537976076284,1
471,3.655663380693212,0
492,17.116729347982293,35.586181496200055,1
490,5.739866254534729,0
493,24.56717425154281,35.102533082213185,1
509,2.5583555629768835,0
494,38.193236269897795,35.61850276951757,4
451,8.40291036535981,0
543,7.803957477181007,0
544,8.261396725548941,0
545,9.021594464299634,0
495,40.173549070108116,35.41703416921752,1
451,8.574965986056279,0
496,42.97461031297772,35.646820243720754,2
451,9.979333731340757,0
546,8.41988279415358,0
497,46.04275830653037,35.35060621477588,1
452,9.703124872664532,0
498,-30.27412033760555,38.10197297616446,4
477,2.9297081863647265,0
550,7.429276995250191,0
551,8.28728816018842,0
552,9.89339742721702,0
499,-27.516414931457845,37.65346879816955,3
477,3.589574052004134,0
549,9.777263419051527,0
553,9.534755980865558,0
500,-24.72474746749017,38.111381225027415,2
477,6.1369926562011035,0
554,9.208055180341187,0
501,-22.207360033715116,37.81648177302495,2
477,8.336206243270752,0
555,9.697282648659714,0
502,-19.756406475365576,38.11563510694904,1
478,8.171460262340133,0
503,-17.175444675986896,37.56690524343519,1
479,7.688777348738227,0
504,-1.567790370174707,38.14095124954917,4
457,8.767277555237877,0
485,8.311884561430936,0
556,8.012283888680921,0
557,8.124643274407259,0
505,1.4650843300117489,37.58741322769337,2
457,9.642605838540232,0
486,8.548530455366024,0
506,12.03703842726644,38.05156144898857,4
460,8.185800005840127,0
558,8.500456675428532,0
559,7.836540466723486,0
560,8.051557833405331,0
507,14.446468728685653,37.60678935186664,2
471,5.532623481913763,0
558,9.972488930068494,0
508,16.793371397475987,37.532614651509206,1
471,6.939659707351091,0
509,24.90701015733934,37.638217357462416,2
493,2.5583555629768835,0
561,7.874065270180351,0
510,37.56015099669491,37.78612530125269,5
461,8.125207764885243,0
565,8.318878368488985,0
566,7.982572584932655,0
567,8.37322441820678,0
568,9.647652216868838,0
511,40.203243226958065,37.60961754865386,3
461,9.028248036778235,0
569,9.953870980420174,0
565,9.606659698589787,0
512,43.3300206975808,37.81550475032541,2
462,9.240257487558361,0
566,9.612577081330084,0
513,46.12893755168607,38.216540011373354,2
463,9.928892400396727,0
567,8.90959786139179,0
514,-30.301554399838952,40.86516626172483,2
477,5.691625286291621,0
548,6.952068368420715,0
515,-27.158273937716825,40.59698359032002,1
477,6.174130619404105,0
516,-24.871204630253338,40.858268291260025,1
477,7.731346390212617,0
517,-22.049707282660602,40.34318180429019,1
477,9.577832959297112,0
518,-19.68905544779255,40.86922376298515,1
478,9.57527748205998,0
519,-16.89188677515751,40.74173503034071,1
479,9.314925248685963,0
520,-1.3360043429954969,40.567584840855304,1
468,7.9669394084052705,0
521,1.324390957485623,40.56177332078597,1
468,9.21735349135425,0
522,12.120936074757456,40.87750311865825,2
471,8.099985184466501,0
558,5.969016635982127,0
523,14.247280835960993,40.60287600747414,2
471,8.211287017674954,0
558,7.473195074214269,0
524,16.875364765724807,40.204385358163464,2
471,9.027341860054278,0
558,9.70709533701335,0
525,35.542504900357514,40.69276663898421,2
472,7.738985434517599,0
565,5.0486502222169864,0
526,37.578276830174126,40.79949624204733,2
472,8.182813565099316,0
565,5.529545814924159,0
527,40.89667084266986,40.37955794212333,3
472,9.334204456333884,0
564,9.991667505591439,0
565,7.916541800599494,0
528,43.45975538830391,40.56013015108425,2
473,9.780464369766428,0
565,9.864842069824476,0
529,45.55077364908025,40.480745215048174,2
474,9.224588806499606,0
566,9.279964149615676,0
530,-35.23068804407769,43.07423914396209,3
531,2.685985745105004,0
532,4.958705791827858,0
533,7.559284462787528,0
531,-32.56102919109513,43.36994344152832,2
478,9.715367314028821,0
530,2.685985745105004,0
532,-30.28780903548913,43.47010558149087,2
477,8.295301073491572,0
530,4.958705791827858,0
533,-27.671526441462603,43.1173373445124,2
477,8.308030927766623,0
530,7.559284462787528,0
534,-24.69928519844254,42.9007858527742,1
477,9.433332828815828,0
535,-22.07968560740747,43.484437413280496,1
478,9.868400332483665,0
536,-19.962507609579013,42.826325434820035,1
479,8.679427439639987,0
537,-17.311337758159475,42.83722119725417,1
480,9.271958698427465,0
538,-1.6118951855150652,42.88406647585357,1
487,7.758190585658143,0
539,1.0989374062147037,43.298829502799805,1
487,9.252603079836796,0
540,11.540867892297687,42.7861027294275,2
490,7.321822300338828,0
558,4.054393854704354,0
541,14.586419022109686,42.89065489835653,2
490,8.088099778206972,0
558,6.311292068370573,0
542,17.14907487515982,43.387685203433506,2
490,9.800796148169082,0
558,8.460166733409316,0
543,38.113170151912975,43.422049509455775,3
494,7.803957477181007,0
563,8.656072448167654,0
564,6.084333421056452,0
544,40.66463495804904,43.50157732080243,2
494,8.261396725548941,0
564,8.46358859428106,0
545,43.117073067474195,43.17793382410854,2
494,9.021594464299634,0
565,8.456987561288786,0
546,46.138348728339395,43.44971621293938,2
496,8.41988279415358,0
566,8.537822590007806,0
547,-46.0809358383634,46.132864594929885,0
548,-35.2204163987705,45.77801179508561,1
514,6.952068368420715,0
549,-33.07510805981622,45.69683940198139,1
499,9.777263419051527,0
550,-30.389525662713186,45.53035357243782,1
498,7.429276995250191,0
551,-27.654659194308024,45.96438789581565,1
498,8.28728816018842,0
552,-24.46430017694835,46.10980054384382,1
498,9.89339742721702,0
553,-22.49960971984384,45.761689138254916,1
499,9.534755980865558,0
554,-19.820735786681276,45.90490094584022,1
500,9.208055180341187,0
555,-17.027157999763965,46.01421302352622,1
501,9.697282648659714,0
556,-1.0465835735046238,46.13626466353869,1
504,8.012283888680921,0
557,1.241512486478394,45.76444426758046,2
504,8.124643274407259,0
558,7.876307897429772,0
558,9.11322835738095,46.03335938968299,9
506,8.500456675428532,0
557,7.876307897429772,0
507,9.972488930068494,0
522,5.969016635982127,0
523,7.473195074214269,0
524,9.70709533701335,0
540,4.054393854704354,0
541,6.311292068370573,0
542,8.460166733409316,0
559,11.917594499185144,45.88719158540002,1
506,7.836540466723486,0
560,14.116836714556227,45.829866060461256,1
506,8.051557833405331,0
561,24.610079807199952,45.50668202639412,4
509,7.874065270180351,0
562,3.0523671221969813,0
563,5.161665939841585,0
564,7.928740219602612,0
562,27.659984852325618,45.38410852034126,2
561,3.0523671221969813,0
565,7.397883497539227,0
563,29.767382272408547,45.7188766466701,3
543,8.656072448167654,0
561,5.161665939841585,0
566,8.15194037617148,0
564,32.531642953834954,45.843963487222084,5
527,9.991667505591439,0
561,7.928740219602612,0
543,6.084333421056452,0
544,8.46358859428106,0
567,8.40691472234932,0
565,35.050358022735516,45.71737214759268,8
510,8.318878368488985,0
562,7.397883497539227,0
511,9.606659698589787,0
525,5.0486502222169864,0
526,5.529545814924159,0
527,7.916541800599494,0
528,9.864842069824476,0
545,8.456987561288786,0
566,37.919215780057854,45.76061823529351,5
510,7.982572584932655,0
563,8.15194037617148,0
512,9.612577081330084,0
529,9.279964149615676,0
546,8.537822590007806,0
567,40.929395297364984,45.45157245064042,3
510,8.37322441820678,0
564,8.40691472234932,0
513,8.90959786139179,0
568,43.03910688564029,45.72704688911924,1
510,9.647652216868838,0
569,46.14353995176081,45.596633406666705,1
511,9.953870980420174,0
